0.0 5.0520507469542375 14.528755585993782 11.809873594295578 23.114716555497132 24.519613657078875 25.592830965280804 23.730381321632983 14.244738608364354 15.550914767310548 13.239932938133059 16.563371804292945
5.0520507469542375 0.0 13.20568658158971 11.98664166536848 24.65195253613417 25.312053928475603 26.31363700051132 24.999750303721502 14.940257625349947 16.254874986838367 12.061653853587778 17.847179324981095
14.528755585993782 13.20568658158971 0.0 8.38116863471498 27.12918017742447 24.15030150881465 24.549287923550636 26.32799805532864 20.52141904104261 20.05123808268591 15.904796196318783 25.325904254649338
11.809873594295578 11.98664166536848 8.38116863471498 0.0 23.39255376023815 20.905907319858397 21.625715818178797 22.865225644155423 17.84751074437172 17.334030851304192 15.7982292413022 22.236757035938606
23.114716555497132 24.65195253613417 27.12918017742447 23.39255376023815 0.0 10.65766491612974 15.122992221687865 7.412337707555279 17.37771457003881 17.362264976935318 22.989623014418274 18.15674249000685
24.519613657078875 25.312053928475603 24.15030150881465 20.905907319858397 10.65766491612974 0.0 9.233403626940195 7.729767426490324 18.857423042361038 17.333143625136447 22.641241461491727 22.743354428404412
25.592830965280804 26.31363700051132 24.549287923550636 21.625715818178797 15.122992221687865 9.233403626940195 0.0 14.345365459041762 19.950128559625565 18.194567572806466 23.858298653442322 26.73264206013583
23.730381321632983 24.999750303721502 26.32799805532864 22.865225644155423 7.412337707555279 7.729767426490324 14.345365459041762 0.0 17.797708043861 17.332768965342055 22.567079760125186 18.267653936602812
14.244738608364354 14.940257625349947 20.52141904104261 17.84751074437172 17.37771457003881 18.857423042361038 19.950128559625565 17.797708043861 0.0 6.352833897134121 13.135590690862225 15.325591034619558
15.550914767310548 16.254874986838367 20.05123808268591 17.334030851304192 17.362264976935318 17.333143625136447 18.194567572806466 17.332768965342055 6.352833897134121 0.0 12.270305979193271 17.25230046228049
13.239932938133059 12.061653853587778 15.904796196318783 15.7982292413022 22.989623014418274 22.641241461491727 23.858298653442322 22.567079760125186 13.135590690862225 12.270305979193271 0.0 17.34511245413709
16.563371804292945 17.847179324981095 25.325904254649338 22.236757035938606 18.15674249000685 22.743354428404412 26.73264206013583 18.267653936602812 15.325591034619558 17.25230046228049 17.34511245413709 0.0